
new_position : [-0.0010967293290136126, 0.012262315657229905, 0.00022454765320745196, 0.0005975306689602888, 3.3342097935928905e-05, 0.00011336244806070539]
new_position2 : [0.001193394224674016, 6.183452827901448e-05, -2.1274367411727724e-05, 9.989544683630669e-05, 3.5109491063778364e-05, -5.3607661261168005e-05]
new_position2 : [0.0011933948981583953, 6.183275435134306e-05, -2.127352629344159e-05, 9.988812897621102e-05, 3.511272642864327e-05, -5.361319150321009e-05]