grab : [-0.17496913273350145, -0.8339809191071659, 1.488110332934462, -2.223502174623352, -1.5725604461286196, 1.3952458599856428]
default : [0.4792867862173722, -1.6620987644261334, 2.099933315061447, -2.7755191369359418, -1.3583875920359407, -0.2153769809445052]
calibration : [0.9271063804626465, -2.3606211147704066, -1.5697946548461914, 0.3208543497272949, 1.4645485877990723, 0.022516727447509766]
out_of_camera : [1.0252022743225098, -1.4222191137126465, -1.8837804794311523, -0.7232721608928223, 1.5405898094177246, 0.1169900894165039]
place : [2.120194911956787, -1.0603597921184083, -2.695002555847168, -0.9031246465495606, 1.6232800483703613, 1.4023256301879883]
desk : [-1.6484807173358362, -2.0511166057982386, -2.149538993835449, 1.056802673930786, 0.9883408546447754, 0.008379459381103516]
main : [-0.9027674833880823, -2.4627396068968714, -1.4317407608032227, 0.7531682687946777, 1.7047014236450195, 0.0063152313232421875]
delivery_back : [1.9370274543762207, -1.6294366321959437, -1.8063383102416992, -1.2268789571574708, 1.5383315086364746, -0.3541339079486292]
delivery_belly : [1.9434704780578613, -2.3359905682005824, -2.0121469497680664, -0.3386705678752442, -1.598377529774801, 0.36423301696777344]
delivery_side : [2.3203771114349365, -1.7809225521483363, -2.2309446334838867, -0.4040897649577637, 0.0410304069519043, -0.29284984270204717]