main : [-0.9027674833880823, -2.4627396068968714, -1.4317407608032227, 0.7531682687946777, 1.7047014236450195, 0.0063152313232421875]
task_calibration : [-3.110065285359518, -1.5992962322630824, -1.5815305709838867, -0.9923456472209473, 2.042799472808838, -0.6898759047137659]
task_main : [-3.5646942297564905, -1.4565351766398926, -2.347477912902832, 0.05352894842114253, 1.2685770988464355, 0.20743703842163086]
pick : [-0.9384177366839808, -3.1050898037352503, -0.9425668716430664, 0.9052917200275878, 1.751223087310791, -0.014733616505758107]
deliver : [-0.7854936758624476, -2.3412519894041957, -1.9063405990600586, 0.5707847315021972, 2.1389594078063965, -0.31855661073793584]