main : [-0.9027674833880823, -2.4627396068968714, -1.4317407608032227, 0.7531682687946777, 1.7047014236450195, 0.0063152313232421875]
task_main : [-3.5646942297564905, -1.4565351766398926, -2.347477912902832, 0.05352894842114253, 1.2685770988464355, 0.20743703842163086]
pick : [-0.9384177366839808, -3.1050898037352503, -0.9425668716430664, 0.9052917200275878, 1.751223087310791, -0.014733616505758107]
deliver : [-0.7854936758624476, -2.3412519894041957, -1.9063405990600586, 0.5707847315021972, 2.1389594078063965, -0.31855661073793584]
gazebo_main : [-2.123075670962818, -1.9262397276999605, -1.8892715738655141, -0.12485183642977926, 1.3820892841566188, 0.19126027464363649]
gazebo_left : [-2.9385049958219014, -2.272357028717571, -1.312998376075341, -0.4159580635132407, 1.9500205901742653, -0.40501343460914807]
gazebo_right : [-1.4639981907416555, -2.305494986407135, -1.221936453462713, -0.6399023596943474, 0.9668708874523881, 0.7535286047726073]
colab_main : [2.3623945713043213, -1.7171150646605433, -2.4073266983032227, 0.3469821649738769, 1.5562434196472168, 0.010791301727294922]
colab_right : [3.1301183700561523, -1.707872053185934, -2.3773908615112305, 0.13671223699536128, 0.9651718139648438, 0.5363349914550781]
colab_left : [1.7148256301879883, -1.995969911614889, -1.9703092575073242, 0.08445851385083003, 2.0642237663269043, -0.4083760420428675]
colab_left_grip : [1.8872361183166504, -2.362852712670797, -1.6420011520385742, -0.6762150090983887, 1.5861048698425293, -0.45677310625185186]
colab_right_grip : [2.8675928115844727, -2.211241384545797, -1.9777193069458008, -0.4927595418742676, 1.553483009338379, 0.5230627059936523]
colab_pick : [1.9804692268371582, -1.468874768619873, -2.521531105041504, -0.737539605503418, 1.575075626373291, -0.3735864798175257]
calibration : [-3.047696892415182, -1.8326078854002894, -1.4614686965942383, -0.8338974279216309, 1.985811710357666, -0.6225994269000452]