grab : [-0.17496913273350145, -0.8339809191071659, 1.488110332934462, -2.223502174623352, -1.5725604461286196, 1.3952458599856428]
default : [0.4792867862173722, -1.6620987644261334, 2.099933315061447, -2.7755191369359418, -1.3583875920359407, -0.2153769809445052]
calibration : [0.9271063804626465, -2.3606211147704066, -1.5697946548461914, 0.3208543497272949, 1.4645485877990723, 0.022516727447509766]
out_of_camera : [1.0252022743225098, -1.4222191137126465, -1.8837804794311523, -0.7232721608928223, 1.5405898094177246, 0.1169900894165039]
place : [2.120194911956787, -1.0603597921184083, -2.695002555847168, -0.9031246465495606, 1.6232800483703613, 1.4023256301879883]
delivery : [0.5092277526855469, -1.9552909336485804, -1.6723995208740234, -1.0396536153605958, 1.553602695465088, 0.5739278793334961]
delivery_back : [1.8446698188781738, -1.5269101423076172, -1.868027687072754, -1.3089488309672852, 1.5587167739868164, -0.4771502653705042]
delivery_belly_left : [2.335819959640503, -1.6640407047667445, -2.373297691345215, -0.4720981878093262, 0.011118412017822266, -0.1709230581866663]
delivery_belly : [1.871727466583252, -2.3010899029173792, -2.148056983947754, -0.2516201299479981, -1.6141131559955042, 0.48445987701416016]
desk : [-1.6484807173358362, -2.0511166057982386, -2.149538993835449, 1.056802673930786, 0.9883408546447754, 0.008379459381103516]