grab : [-0.17496913273350145, -0.8339809191071659, 1.488110332934462, -2.223502174623352, -1.5725604461286196, 1.3952458599856428]
default : [0.4792867862173722, -1.6620987644261334, 2.099933315061447, -2.7755191369359418, -1.3583875920359407, -0.2153769809445052]
out_of_camera : [1.0252022743225098, -1.4222191137126465, -1.8837804794311523, -0.7232721608928223, 1.5405898094177246, 0.1169900894165039]
place : [2.120194911956787, -1.0603597921184083, -2.695002555847168, -0.9031246465495606, 1.6232800483703613, 1.4023256301879883]
delivery : [0.5092277526855469, -1.9552909336485804, -1.6723995208740234, -1.0396536153605958, 1.553602695465088, 0.5739278793334961]