grab : [-0.17496913273350145, -0.8339809191071659, 1.488110332934462, -2.223502174623352, -1.5725604461286196, 1.3952458599856428]
default : [0.4792867862173722, -1.6620987644261334, 2.099933315061447, -2.7755191369359418, -1.3583875920359407, -0.2153769809445052]