
new_position : [-0.0010967293290136126, 0.012262315657229905, 0.00022454765320745196, 0.0005975306689602888, 3.3342097935928905e-05, 0.00011336244806070539]
new_position2 : [0.001193394224674016, 6.183452827901448e-05, -2.1274367411727724e-05, 9.989544683630669e-05, 3.5109491063778364e-05, -5.3607661261168005e-05]
new_position2 : [0.0011933948981583953, 6.183275435134306e-05, -2.127352629344159e-05, 9.988812897621102e-05, 3.511272642864327e-05, -5.361319150321009e-05]
test_1 : [-0.0010973630408042112, 0.012381388834898033, 0.00022436818043836126, 0.0005937830406264055, -4.1077737149564086e-05, 0.00010043111306679009]
test_1 : [-0.001097363284168651, 0.012381394252838795, 0.0002243684400298207, 0.000593786379865513, -4.107759454363702e-05, 0.00010043495537814806]
test_12 : [-0.0010970264429488452, -0.07191682005473687, -0.0002209575772775807, 0.04943211264959313, -3.313542107008516e-05, 0.03604810931013169]
zerocinco : [-1.8316514972547244, -1.819051626469582, -2.083710444328643, 0.7592640846984429, 0.2600642233693824, 0.0019873612926195605]
grabbing_pos : [-0.17432015276203217, -1.0680003778248777, 1.1214447639508727, -1.6228289974493784, -1.5725940210501328, 1.3960204740870923]
grabbing_pos2 : [-0.1752304969145042, -0.7264679223467443, 1.5045701051425144, -2.347372469660055, -1.5726141845988098, 1.3951091086127105]
grab : [-0.17496913273350145, -0.8339809191071659, 1.488110332934462, -2.223502174623352, -1.5725604461286196, 1.3952458599856428]
default : [0.4792867862173722, -1.6620987644261334, 2.099933315061447, -2.7755191369359418, -1.3583875920359407, -0.2153769809445052]